00000000 00000000 00000000 00000000
00100010 00110001 00000000 00000101
00111010 00110010 00000000 00000110
00101010 00110010 00000000 00000001
00001100 00000000 00000000 00010110
00100010 01010010 00000000 00000100
00010010 01010001 00000000 00011001
00100010 01110011 00000000 00001010
10101100 00010011 00000000 00000100
10001100 00010010 00000000 00000100
00010010 01110010 00000000 00001010
00000010 00110010 00010000 00100000
00000010 01010011 00011000 00100000
00000000 01100010 01000000 00100010
00000010 01110010 01001000 00100010
00000001 00101000 01100000 00100100
00000010 00110010 01101000 00100100
00000001 10001001 01110000 00100101
00000000 01010011 01111000 00100101
00000001 10101000 11000000 00101010
00000001 11001111 11001000 00101010
10101100 00011001 00000000 00101000
10001100 00010010 00000000 00101000
00001000 00000000 00000000 00001001
00001000 00000000 00000000 00000011
