00000000 00000000 00000000 00000000
00100000 00001000 00000000 00100100
00000000 00000000 01001000 00100000
00100000 00000100 00000000 00000000
00100000 00000101 00000000 00101000
00000000 00000000 00000000 00000000
10001100 10001010 00000000 00000000
10001100 10110010 00000000 00000000
10001100 10001011 00000000 00000100
10001100 10110011 00000000 00000100
00000001 01010010 00010000 00100000
00000000 00000000 00000000 00000000
00000001 01110011 00011000 00100000
00000000 00000000 00000000 00000000
00000000 00000000 00000000 00000000
00000000 01100010 01101000 00101010
00000000 00000000 00000000 00000000
00000000 00000000 00000000 00000000
00010101 10100000 00000000 00000111
00000000 00000000 00000000 00000000
00000000 00000000 00000000 00000000
00100000 00001001 00000000 00000001
10101100 10001010 00000000 00000100
10101100 10001011 00000000 00000000
10101100 10110010 00000000 00000100
10101100 10110011 00000000 00000000
10001100 10001010 00000000 00000100
10001100 10110010 00000000 00000100
10001100 10001011 00000000 00001000
10001100 10110011 00000000 00001000
00000001 01010010 00010000 00100000
00000000 00000000 00000000 00000000
00000001 01110011 00011000 00100000
00000000 00000000 00000000 00000000
00000000 00000000 00000000 00000000
00000000 01100010 01101000 00101010
00000000 00000000 00000000 00000000
00000000 00000000 00000000 00000000
00010101 10100000 00000000 00000111
00000000 00000000 00000000 00000000
00000000 00000000 00000000 00000000
00100000 00001001 00000000 00000001
10101100 10001010 00000000 00001000
10101100 10001011 00000000 00000100
10101100 10110010 00000000 00001000
10101100 10110011 00000000 00000100
10001100 10001010 00000000 00001000
10001100 10110010 00000000 00001000
10001100 10001011 00000000 00001100
10001100 10110011 00000000 00001100
00000001 01010010 00010000 00100000
00000000 00000000 00000000 00000000
00000001 01110011 00011000 00100000
00000000 00000000 00000000 00000000
00000000 00000000 00000000 00000000
00000000 01100010 01101000 00101010
00000000 00000000 00000000 00000000
00000000 00000000 00000000 00000000
00010101 10100000 00000000 00000111
00000000 00000000 00000000 00000000
00000000 00000000 00000000 00000000
00100000 00001001 00000000 00000001
10101100 10001010 00000000 00001100
10101100 10001011 00000000 00001000
10101100 10110010 00000000 00001100
10101100 10110011 00000000 00001000
00100000 10000100 00000000 00001100
00100000 10100101 00000000 00001100
00000000 00000000 00000000 00000000
00010100 10001000 11111111 11000000
00000000 00000000 00000000 00000000
00000001 00001110 01000000 00100010
00010101 00100000 11111111 10111010
00000000 00000000 01001000 00100000
00000000 00000000 00000000 00000000
